10.00 10.50 30.00
10.00 11.00 30.00
10.00 11.50 30.00
10.00 12.00 30.00
10.00 12.50 30.00
10.00 13.00 30.00
10.00 13.50 30.00
10.00 14.00 30.00
10.00 14.50 30.00
10.00 15.00 30.00
10.00 15.50 30.00
10.00 16.00 30.00
10.00 16.50 30.00
10.00 17.00 30.00
10.00 16.50 30.00
10.00 16.00 30.00
10.00 15.50 30.00
10.00 15.00 30.00
10.00 14.50 30.00
10.00 14.00 30.00
10.00 14.50 30.00
10.00 15.00 30.00
10.00 15.50 30.00
10.00 16.00 30.00
10.00 16.50 30.00
10.00 17.00 30.00
10.00 17.50 30.00
10.00 18.00 30.00
10.00 17.50 30.00
10.00 17.00 30.00
10.00 16.50 30.00
10.00 16.00 30.00
10.00 15.50 30.00
10.00 15.00 30.00
10.00 14.50 30.00
10.00 14.00 30.00
10.00 13.50 30.00
10.00 13.00 30.00
10.00 12.50 30.00
10.00 12.00 30.00
10.00 12.50 30.00
10.00 13.00 30.00
10.00 12.50 30.00
10.00 12.00 30.00
10.00 11.50 30.00
10.00 11.00 30.00
10.00 10.50 30.00
10.00 10.00 30.00
10.00 10.50 30.00
10.00 11.00 30.00
10.00 11.50 30.00
10.00 12.00 30.00
10.00 12.50 30.00
10.00 13.00 30.00
10.00 12.50 30.00
10.00 12.00 30.00
10.00 12.50 30.00
10.00 13.00 30.00
10.00 13.50 30.00
10.00 14.00 30.00
10.00 13.50 30.00
10.00 13.00 30.00
10.00 12.50 30.00
10.00 12.00 30.00
10.00 11.50 30.00
10.00 11.00 30.00
10.00 10.50 30.00
10.00 10.00 30.00
10.00 9.50 30.00
10.00 9.00 30.00
10.00 9.50 30.00
10.00 10.00 30.00
10.00 10.50 30.00
10.00 11.00 30.00
10.00 11.50 30.00
10.00 12.00 30.00
10.00 11.50 30.00
10.00 11.00 30.00
10.00 10.50 30.00
10.00 10.00 30.00
10.00 10.50 30.00
10.00 11.00 30.00
10.00 11.50 30.00
10.00 12.00 30.00
10.00 11.50 30.00
10.00 11.00 30.00
10.00 10.50 30.00
10.00 10.00 30.00
10.00 9.50 30.00
10.00 9.00 30.00
10.00 8.50 30.00
10.00 8.00 30.00
10.00 7.50 30.00
10.00 7.00 30.00
10.00 7.50 30.00
10.00 8.00 30.00
10.00 7.50 30.00
10.00 7.00 30.00
10.00 7.50 30.00
10.00 8.00 30.00
